Calculating normal modes for system: System(lattice_constant=(1.0, 0.0, 0.0), number_of_repeats=(38, 1, 1), spring_constant=(1.0, 0.0, 0.0), mass=1.0)
Normal mode frequencies (omega):
[1.337170e-08, 1.651587e-01, 1.651587e-01, 3.291892e-01, 3.291892e-01,
 4.909710e-01, 4.909710e-01, 6.493989e-01, 6.493989e-01, 8.033908e-01,
 8.033908e-01, 9.518948e-01, 9.518948e-01, 1.093896e+00, 1.093896e+00,
 1.228425e+00, 1.228425e+00, 1.354563e+00, 1.354563e+00, 1.471448e+00,
 1.471448e+00, 1.578281e+00, 1.578281e+00, 1.674333e+00, 1.674333e+00,
 1.758948e+00, 1.758948e+00, 1.831547e+00, 1.831547e+00, 1.891634e+00,
 1.891634e+00, 1.938801e+00, 1.938801e+00, 1.972723e+00, 1.972723e+00,
 1.993169e+00, 1.993169e+00, 2.000000e+00]
Wave vectors (q):
[ 0.      ,  0.165347,  0.330694,  0.496041,  0.661388,  0.826735,
  0.992082,  1.157429,  1.322776,  1.488123,  1.65347 ,  1.818817,
  1.984164,  2.149511,  2.314858,  2.480205,  2.645552,  2.810899,
  2.976246, -3.141593, -2.976246, -2.810899, -2.645552, -2.480205,
 -2.314858, -2.149511, -1.984164, -1.818817, -1.65347 , -1.488123,
 -1.322776, -1.157429, -0.992082, -0.826735, -0.661388, -0.496041,
 -0.330694, -0.165347]
Dispersion relation omega(q):
[0.      , 0.165159, 0.329189, 0.490971, 0.649399, 0.803391, 0.951895,
 1.093896, 1.228425, 1.354563, 1.471448, 1.578281, 1.674333, 1.758948,
 1.831547, 1.891634, 1.938801, 1.972723, 1.993169, 2.      , 1.993169,
 1.972723, 1.938801, 1.891634, 1.831547, 1.758948, 1.674333, 1.578281,
 1.471448, 1.354563, 1.228425, 1.093896, 0.951895, 0.803391, 0.649399,
 0.490971, 0.329189, 0.165159]
Normal modes (eigenvectors):
[[ 0.162221, -0.229416,  0.      , ..., -0.229416,  0.      ,  0.162221],
 [ 0.162221, -0.226287, -0.037761, ...,  0.226287,  0.037761, -0.162221],
 [ 0.162221, -0.216985, -0.074491, ..., -0.216985, -0.074491,  0.162221],
 ...,
 [ 0.162221, -0.201765,  0.10919 , ...,  0.201765, -0.10919 , -0.162221],
 [ 0.162221, -0.216985,  0.074491, ..., -0.216985,  0.074491,  0.162221],
 [ 0.162221, -0.226287,  0.037761, ...,  0.226287, -0.037761, -0.162221]]
